Group	SkillWar
{					
	Vnum	50124
	1	50401	1	100
	2	50402	1	100
	3	50403	1	100
	4	50404	1	100
	5	50405	1	100
	6	50416	1	100
	7	50417	1	100
	8	50418	1	100
	9	50419	1	100
	10	50420	1	100
	11	50406	1	100
	12	50421	1	100
}
Group	SkillNinja
{					
	Vnum	50125			
	1	50431	1	100
	2	50432	1	100
	3	50433	1	100
	4	50434	1	100
	5	50435	1	100
	6	50446	1	100
	7	50447	1	100
	8	50448	1	100
	9	50449	1	100
	10	50450	1	100
	11	50436	1	100
	12	50451	1	100
}
Group	SkillSura
{					
	Vnum	50127			
	1	50461	1	100
	2	50462	1	100
	3	50463	1	100
	4	50464	1	100
	5	50465	1	100
	6	50466	1	100
	7	50476	1	100
	8	50477	1	100
	9	50478	1	100
	10	50479	1	100
	11	50480	1	100
	12	50481	1	100	
}		
Group	SkillShamano			
{					
	Vnum	50128			
	1	50491	1	100
	2	50492	1	100
	3	50493	1	100
	4	50494	1	100
	5	50495	1	100
	6	50496	1	100
	7	50506	1	100
	8	50507	1	100
	9	50508	1	100
	10	50509	1	100
	11	50510	1	100
	12	50511	1	100	
}
Group	ForziereMorte		
{					
	Vnum	50082			
	1	180	1	100
	2	3160	1	100
	3	2170	1	100
	4	1130	1	100
	5	190	1	100
	6	5120	1	100
	7	25041	2	100
	8	50255	10	100
	9	51001	150	100
	10	27987	50	100
	11	100300	10	100
}
Group	Baronessa	
{					
	Vnum	50033
	1	50255	10	100
	2	51001	250	100
	3	27992	3	100
	4	11074	250	100
	5	27993	3	100
	6	27994	3	100
	7	72346	15	100
	8	100300	10	100
	9	100400	5	100
	10	100500	5	100
	11	70005	1	85
	12	25041	1	100
	13	30522	10	100
	14	27987	25	100
	15	50054	1	100
}
Group	AzraelB		
{					
	Vnum	50080			
	1	72005	1	100
	2	70005	1	100
	3	100300	10	100
	4	80019	5	100
	5	50304	1	100
	6	50305	1	100
	7	50301	1	100
	8	50302	1	100
	9	50303	1	100
	10	100400	5	100
	11	100500	5	100
	12	50255	7	100
	13	25041	3	100
	14	71097	3	100
	15	70064	15	100
	16	30193	3	100
	17	27987	100	100
	18	51001	150	100
	19	41317	1	100
	20	41318	1	100
	21	45153	1	100
	22	45154	1	100
	23	50054	1	100
	24	72346	25	100
}
Group	Sfinge		
{					
	Vnum	30806
	1	50255	10	100
	2	51001	250	100
	3	27992	3	100
	4	11074	250	100
	5	27993	3	100
	6	27994	3	100
	7	72346	15	100
	8	100300	10	100
	9	100400	5	100
	10	100500	5	100
	11	70005	1	55
	12	25041	1	100
	13	30522	10	100
	14	27987	25	100
	15	50054	1	100
	16	99000	5	100
	17	72067	5	100
	18	25312	1	100
}
Group	NemerScr		
{					
	Vnum	50037
	1	71161	1	7
	2	72346	20	60
	3	11074	250	80
	4	51001	250	80
	5	50255	10	30
	6	31086	20	80
	7	100500	5	30
	8	100400	10	40
	9	100300	10	70
	10	50054	1	25
	11	31036	1	25
	12	99000	5	40
	13	72067	5	40
	14	40122	1	10
	15	40123	1	10
	16	40124	1	10
	17	40125	1	10
	18	40126	1	10
	19	40127	1	10
}

Group	RazadS			
{					
	Vnum	50038
	1	52066	1	7
	2	99000	5	30
	3	72346	25	40
	4	11074	250	80
	5	51001	250	80
	6	72346	7	30
	7	50255	15	40
	8	30617	25	50
	9	100500	5	30
	10	100400	10	40
	11	100300	10	70
	12	50054	1	30
	13	30035	1	40
}
Group	BauleCapoOrco
{					
	Vnum	50070			
	1	100300	3	100
	2	50513	1	100
	3	51001	35	100
	4	72005	1	100
	5	50301	1	100
	6	50302	1	100
	7	50304	1	100
	8	50305	1	100
	9	50306	1	100
	10	51001	25	100
	11	39032	1	100
	12	27987	25	100
	13	70102	20	100
	14	50255	1	100
	15	70005	1	40
	16	71054	1	80
	17	28527	1	80
	18	30622	1	80
	19	31009	1	80
	20	31002	1	80
}
Group	BauleLordScimmia
{					
	Vnum	71159
	1	100300	1	100
	2	50513	1	100
	3	72005	1	100
	4	50301	1	100
	5	50302	1	100
	6	50304	1	100
	7	50305	1	100
	8	50306	1	100
	9	39032	1	100
	10	27987	20	80
	11	50255	1	100
	12	70005	1	50
	13	71054	1	80
	14	27987	10	100
	15	30522	1	100
	16	30622	1	100
	17	28527	1	100
	18	31009	1	100
	19	31002	1	100
}
Group	CapoSpiritoF		
{					
	Vnum	50072
	1	50255	5	100
	2	51001	250	100
	3	27992	3	100
	4	11074	250	100
	5	27993	3	100
	6	27994	3	100
	7	72346	15	100
	8	100300	10	100
	9	100400	5	100
	10	100500	5	100
	11	70005	1	55
	12	25041	1	100
	13	30522	10	100
	14	27987	25	100
	15	36632	1	35
}
Group	FGargoyle			
{					
	Vnum	50074
	1	50255	5	100
	2	51001	250	100
	3	27992	3	100
	4	11074	250	100
	5	27993	3	100
	6	27994	3	100
	7	72346	15	100
	8	100300	10	100
	9	100400	5	100
	10	100500	5	100
	11	70005	1	55
	12	25041	1	100
	13	30522	10	100
	14	27987	25	100
	15	36635	1	35
}
Group	ForzierediTritone			
{					
	Vnum	50075
	1	50255	5	100
	2	51001	250	100
	3	27992	3	100
	4	11074	250	100
	5	27993	3	100
	6	27994	3	100
	7	72346	15	100
	8	100300	10	100
	9	100400	5	100
	10	100500	5	100
	11	70005	1	55
	12	25041	1	100
	13	30522	10	100
	14	27987	25	100
	15	36633	1	35
}
Group	FTartarta				
{					
	Vnum	50076
	1	50255	5	100
	2	51001	250	100
	3	27992	3	100
	4	11074	250	100
	5	27993	3	100
	6	27994	3	100
	7	72346	15	100
	8	100300	10	100
	9	100400	5	100
	10	100500	5	100
	11	70005	1	55
	12	25041	1	100
	13	30522	10	100
	14	27987	25	100
	15	36631	1	35
}
Group	Fiamme		
{					
	Vnum	50077
	1	50255	5	100
	2	51001	250	100
	3	27992	3	100
	4	11074	250	100
	5	27993	3	100
	6	27994	3	100
	7	72346	15	100
	8	100300	10	100
	9	100400	5	100
	10	100500	5	100
	11	70005	1	55
	12	25041	1	100
	13	30522	10	100
	14	27987	25	100
	15	36634	1	35
}
Group	SCharon			
{					
	Vnum	38052
	1	50255	10	100
	2	51001	250	100
	3	27992	3	100
	4	11074	250	100
	5	27993	3	100
	6	27994	3	100
	7	72346	15	100
	8	100300	10	100
	9	100400	5	100
	10	100500	5	100
	11	70005	1	85
	12	25041	1	100
	13	30522	10	100
	14	27987	25	100
	15	50054	1	100
}
Group	FdelDemone			
{					
	Vnum	50081			
	1	11280	1	100
	2	11480	1	100
	3	11680	1	100
	4	11880	1	100
	5	50513	1	100
	6	70005	1	100
	7	51001	50	100
	8	30319	1	100
	9	100300	5	100
	10	27987	20	100
	11	27992	1	100
	12	27993	1	100
	13	27994	1	100
	14	72005	1	100
}
Group	CassaFloreale		
{					
	Vnum	50121			
	1	50701	3	100
	2	50709	3	100
	3	50706	3	100
	4	50708	3	100
	5	50705	3	100
	6	50704	3	100
}
Group	RedlFiamme		
{					
	Vnum	50079
	1	50255	5	100
	2	51001	250	100
	3	27992	3	100
	4	11074	250	100
	5	27993	3	100
	6	27994	3	100
	7	72346	15	100
	8	100300	10	100
	9	100400	5	100
	10	100500	5	100
	11	70005	1	55
	12	25041	1	100
	13	30522	10	100
	14	27987	25	100
	15	36630	1	35
}
Group	BaulePerks		
{					
	Vnum	38057			
	1	59005	1	100
	2	58999	3	100
	3	59002	1	100
	4	59003	1	100
	5	59004	1	100
	6	59000	1	100
	7	59001	1	100
}
Group	BauleCavalcature			
{					
	Vnum	38054			
	1	52015	1	50
	2	52051	1	50
	3	52101	1	50
	4	71116	1	15
	5	71172	1	45
	6	71171	1	45
	7	72005	1	100
	8	70005	1	100
	9	100300	10	100
	10	51001	25	100
	11	27987	25	60
	12	50255	5	100
	13	25041	1	100
	14	100400	5	100
	15	100500	5	100
	16	30319	1	100
	17	80019	5	100
	18	27992	5	100
	19	27993	5	100
	20	27994	5	100
	21	51001	250	100
	22	71054	1	80
	23	11074	250	100
	24	72346	10	100
	25	50054	1	40
}
Group	CassColorant			
{					
	Vnum	38053			
	1	28528	1	100
	2	28529	1	100
	3	53253	1	100
	4	53254	1	100
	5	53255	1	100
}
Group	crftelemnt			
{					
	Vnum	71190	
	1	39063	1	100
	2	39064	1	100
	3	39065	1	100
	4	39066	1	100
	5	39068	1	100
	6	39069	1	100
}
Group	ScatolaCuccioli			
{					
	Vnum	38055			
	1	53011	1	50
	2	53012	1	50
	3	53231	1	50
	4	53218	1	50
	5	53220	1	50
	6	53234	1	10
	7	72005	1	100
	8	70005	1	100
	9	100300	10	100
	10	51001	25	100
	11	27987	25	60
	12	50255	15	100
	13	25041	2	100
	14	100400	5	100
	15	100500	5	100
	16	30319	1	100
	17	80019	5	100
	18	27992	5	100
	19	27993	5	100
	20	27994	5	100
	21	51001	250	100
	22	11074	250	100
	23	53014	1	40
	24	51001	100	100
	25	72346	10	100
}